SNOWY
MOUNTAINS
1
150
3
0.01137222
0.5

109.8544 102 111.853
3
0

289 72 236
92 68 4
111 45 309

132 98 178

236.9056 41.03824 150.5843
298.6375 85.65757 180.6271
28.78804 34.13506 212.1813
87.68748 65.06146 184.2119
205.792 31.86477 212.1638
181.328 69.48441 169.1256
249.6766 59.77037 69.68327
153.0663 93.72704 160.6891
162.844 63.65308 120.6464
201.4518 70.95495 121.1602
204.1575 77.36377 296.6241
96.84676 81.54285 239.9387
157.6565 47.02632 210.8531
94.36987 65.54697 17.16092
31.17773 66.62278 32.6576
204.0336 68.97831 48.15564
251.4211 64.9426 283.1791
168.5056 55.88462 291.0942
166.7782 75.46629 137.6218
20.63869 42.66611 236.3755
292.4753 90.60152 105.0838
-283.0912 -22278.68 -216.9157
227.3366 64.295 290.7755
297.1911 63.00793 267.6942
288.7083 90.44841 109.0867
262.9469 47.80455 144.0725
140.9783 60.49001 306.738
91.38938 64.4897 20.62647
219.2782 42.02831 149.2196
-103.9712 -23992.22 -483.795
228.3278 51.57863 62.14508
204.2114 25.16795 202.6924
146.919 94.13796 153.4608
88.42656 66.14042 186.4318
197.8319 55.70086 74.084
70.70152 -23021.4 454.2639
311.9079 80.12846 138.098
221.0694 71.05784 232.2563
230.7943 68.89991 124.202
155.0031 87.94754 140.1432
204.6398 25.86712 200.9053
141.4215 65.33587 271.878
28.72216 33.48208 208.1479
168.5571 68.54362 307.9472
182.5577 71.444 54.8735
35.63371 56.39331 233.7814
270.7028 47.46696 150.1769
168.4867 67.45081 97.26725
77.05555 79.39417 221.9341
84.34795 66.29363 182.5076

258 61 174
144 67 283
149 79 85
172 65 130
52 50 36
122 87 24
70 58 275
275 86 215
319 72 6
169 79 56
288 72 34
302 84 92
159 90 48
45 69 305
15 53 275
265 81 103
84 75 194
8 61 44
92 51 281
81 67 92
193 59 9
301 59 157
205 51 155
196 68 160
49 72 136
5 64 274
145 84 21
278 87 210
187 65 171
91 47 302
66 69 123
99 68 89
262 69 264
5 63 38
81 86 252
213 79 262
116 66 69
207 52 15
285 76 133
316 79 31
170 65 304
229 55 261
157 82 9
14 67 20
147 91 163
43 84 100
123 53 302
7 73 299
305 86 95
32 65 55
231 56 264
121 95 194
249 71 44
163 66 187
87 47 282
6 92 148
212 61 7
92 72 263
224 74 244
271 79 33
179 66 117
284 75 89
246 72 99
287 48 313
75 90 254
37 43 198
108 95 215
215 81 114
220 76 95
5 84 122
93 79 254
242 39 319
101 41 311
243 62 266
223 66 82
143 65 276
146 91 188
289 86 119
169 80 59
21 70 309
256 80 112
303 64 47
182 74 62
224 61 74
296 90 104
127 98 140
98 62 34
261 70 95
151 86 68
285 71 243
262 70 252
294 79 179
313 92 208
160 60 234
1 57 195
95 92 209
200 28 200
204 77 112
265 87 114
292 90 109
245 84 221
74 75 134
117 77 233
140 93 100
272 47 147
297 63 304
70 78 99
316 103 118
7 82 307
184 70 293
67 93 247
116 46 291
236 77 217
319 102 189
67 68 133
218 43 172
131 96 199
150 59 311
80 70 169
11 56 202
195 69 54
224 60 73
44 54 177
82 68 263
69 75 215
163 61 304
284 75 31
102 64 260
62 59 290
185 75 299
187 72 123
31 59 178
34 75 6
171 61 100
237 78 222
182 74 303
267 82 31
51 51 50
317 91 177
197 65 93
292 87 98
117 78 165
263 83 239
170 73 244
290 73 27
206 42 182
269 86 184
144 59 251
116 93 213
51 57 167
19 44 203
222 69 285
110 100 205
133 97 197
224 41 188
51 50 46
293 105 192
168 79 53
11 69 298
217 40 149
2 76 103
163 65 189
248 100 6
7 69 16
153 76 25
314 78 35
155 82 70
133 98 170
206 71 102
287 85 179
18 66 31
130 72 74
315 63 56
245 53 303
47 80 243
284 81 232
61 66 135
89 53 307
139 98 147
259 70 273
247 55 66
126 60 299
202 82 251
223 87 32
128 84 220
97 68 104
14 62 293
76 69 314
243 82 120
140 62 265
112 65 82
277 87 218
22 49 198
158 74 78
88 66 181
101 75 253
120 60 243
122 110 4
244 60 294
169 62 105
169 64 225
171 79 161
6 70 291
37 59 35
129 93 163
18 43 218
311 90 210
295 64 166
200 70 311
253 75 191
29 68 89
29 68 169
248 71 100
74 60 301
120 81 46
49 40 189
227 53 54
54 51 203
268 85 24
267 51 141
315 88 98
318 66 308
129 59 241
16 49 202
10 87 133
306 108 193
37 66 16
200 55 10
15 74 105
192 51 184
169 61 117
44 64 72
169 71 40
183 76 306
80 76 258
258 71 251
250 66 265
63 69 124
234 48 183
14 48 217
112 93 217
126 93 154
177 63 115
117 90 182
252 62 288
177 74 60
24 68 51
269 80 126
307 65 317
94 69 104
40 63 300
96 66 8
180 73 308
319 103 121
75 69 87
226 59 264
207 76 106
99 59 47
16 72 100
218 51 139
106 64 256
182 61 111
188 56 223
319 101 112
145 68 283
152 88 142
125 89 161
278 66 283
263 88 192
250 54 303
201 58 66
61 69 83
285 90 111
199 71 310
73 65 19
207 72 299
121 79 63
265 70 252
74 66 73
191 78 298
69 56 49
4 74 85
6 86 158
2 73 70
35 49 186
134 104 11
306 54 3
5 79 304
261 63 170
68 66 145
195 74 134
187 60 179
39 43 197
309 90 100
241 35 159
277 52 66
76 70 92
16 63 45
122 93 21
238 72 124
104 60 75
84 64 19
235 102 24
293 90 113
147 85 90
112 87 186
125 95 168
7 54 213
278 73 34
246 63 133
245 63 49
171 73 138
192 69 165
75 78 209
304 63 297
233 84 109
96 81 157
163 75 78
109 72 101
175 66 39
142 60 303
137 80 28
95 58 43
295 77 228
169 79 1
170 74 243
270 70 167
8 59 199
55 81 97
179 71 312
70 71 319
204 70 237
217 64 15
278 95 185
60 82 116
45 60 171
9 64 186
239 58 132
4 77 165
8 85 311
201 82 249
86 69 3
266 71 271
193 70 160
162 71 270
228 85 96
11 78 164
233 76 229
4 94 133
14 90 126
243 61 259
278 88 208
144 68 286
253 101 15
299 63 50
228 57 71
105 64 86
140 68 293
248 77 232
106 80 242
217 59 78
263 52 64
224 38 156
29 48 257
71 62 149
90 50 281
4 70 172
203 59 163
251 66 263
89 75 149
159 59 235
201 57 68
100 59 278
83 67 29
152 76 26
232 97 32
190 61 10
5 62 267
55 46 198
3 87 159
159 90 160
268 64 47
148 57 228
282 82 123
175 87 149
159 73 23
283 69 84
201 62 62
201 64 125
241 51 175
292 88 123
48 66 3
257 68 93
72 79 202
44 71 250
20 98 120
212 63 4
130 104 3
65 92 248
66 83 224
222 39 179
8 85 311
278 75 90
43 55 260
269 85 123
269 69 167
97 93 207
111 86 186
12 81 309
235 83 106
319 59 235
287 62 78
155 72 112
145 88 135
262 70 267
81 66 11
278 49 308
40 95 126
18 74 67
18 74 8
3 72 7
63 55 183
32 65 53
295 58 315
176 68 303
138 99 148
4 65 34
193 63 236
233 63 49
12 49 267
175 61 112
166 78 44
110 47 284
120 72 67
173 50 214
5 67 28
245 65 273
165 84 9
162 67 275
183 73 61
191 59 232
230 49 206
253 70 252
141 92 10
317 57 238
66 85 233
147 90 178
15 76 91
3 58 194
8 65 54
313 93 103
100 88 150
114 76 95
204 68 53
7 86 157
100 97 221
5 71 92
219 53 63
241 51 175
15 62 43
296 82 181
252 68 273
52 66 86
310 104 187
142 86 44
24 66 22
151 57 227
36 51 257
287 60 72
59 85 225
17 95 121
65 82 97
10 75 105
297 61 270
45 54 52
52 74 312
124 84 227
132 90 22
114 76 169
101 97 210
193 49 187
193 66 51
23 71 66
244 86 114
143 62 218
256 42 318
313 79 17
317 69 299
143 66 264
99 95 207
240 46 313
145 60 224
265 74 248
62 62 203
60 53 181
163 54 293
229 66 47
294 61 249
319 84 13
275 71 256
289 99 189
21 66 20
20 42 241
221 76 118
78 67 173
128 98 112
31 71 12
109 82 21
232 56 258
288 90 100
32 55 183
120 69 237
34 70 164
161 66 110
319 64 161
314 75 141
306 64 65
149 79 85
284 68 138
56 51 49
304 63 257
256 67 82
169 63 102
258 86 34
223 37 160
316 84 91
247 101 18
277 63 293
20 50 276
77 67 10
56 48 156
107 93 147
48 67 88
31 47 259
107 60 259
230 82 112
247 37 155
192 70 160
189 55 183
51 51 49
275 68 261
50 63 140
32 44 265
69 62 184
33 48 194
141 92 52
278 66 280
187 79 132
136 96 187
207 24 204
127 88 214
238 59 296
110 82 155
278 65 43
43 56 42
46 54 283
299 93 209
185 71 79
310 91 209
269 85 103
218 34 156
54 71 1
293 60 300
219 80 114
274 84 123
103 73 3
176 72 56
220 72 17
181 60 20
25 87 108
3 94 130
272 69 84
292 60 272
211 39 159
201 57 84
285 75 30
153 85 168
252 91 1
93 58 41
185 68 51
234 82 102
0 61 251
293 64 67
305 59 58
9 80 111
141 83 203
152 66 250
145 63 319
49 60 273
276 92 116
266 93 196
73 67 190
103 39 309
179 69 171
280 64 80
292 45 2
91 79 164
248 82 209
311 102 117
274 85 122
60 64 74
47 57 23
38 73 141
171 69 39
127 77 35
233 58 290
199 77 262
206 24 206
171 80 72
155 85 102
237 75 122
85 67 189
216 39 180
125 87 58
60 70 126
26 68 175
225 75 41
242 81 222
159 46 207
266 49 311
277 91 117
80 75 219
36 72 161
300 65 45
226 48 310
19 73 55
316 60 237
79 67 9
221 47 316
255 66 84
218 60 81
196 47 35
209 56 64
64 89 243
6 77 165
238 58 51
93 44 286
278 68 16
313 72 290
171 60 298
203 60 134
276 77 29
151 88 67
98 82 246
319 98 107
179 78 75
270 90 186
298 68 171
93 81 150
170 50 210
58 85 238
72 80 203
308 69 44
301 85 94
119 82 48
154 48 210
179 46 201
124 96 198
109 71 166
107 98 204
188 54 221
137 88 47
117 79 44
31 99 114
216 67 2
286 88 114
134 80 84
151 83 188
300 74 175
111 99 201
130 52 252
70 81 224
70 62 178
78 68 0
309 73 31
19 97 120
79 67 97
184 76 312
111 59 257
114 60 253
194 35 202
152 86 93
205 56 129
163 64 191
255 64 281
123 96 193
213 66 25
84 73 111
168 73 234
100 82 242
135 81 209
301 79 226
178 70 130
203 63 91
91 83 245
27 68 174
187 77 302
72 71 127
155 55 235
95 57 46
239 48 141
115 92 216
185 70 81
272 62 4
302 59 156
54 62 274
167 59 299
241 52 177
40 68 84
132 85 64
0 81 114
316 60 157
249 92 0
112 96 138
11 86 137
74 73 215
78 39 289
33 76 147
313 84 89
252 85 218
48 52 30
283 93 106
277 95 104
59 52 175
170 60 109
268 73 96
45 59 295
93 69 268
93 80 253
1 88 313
62 55 180
210 25 208
189 66 117
48 89 116
196 55 79
294 76 87
299 87 97
130 99 175
4 64 23
192 62 71
316 94 129
52 64 82
203 52 24
163 57 299
112 93 9
168 82 64
214 68 235
201 54 36
289 66 162
317 80 38
26 75 100
205 53 24
40 63 300
194 63 170
242 101 11
216 56 68
102 66 30
140 91 130
251 83 38
128 87 52
200 42 185
88 65 31
230 97 30
179 46 215
97 47 285
160 71 27
259 89 31
34 50 187
45 70 313
31 65 61
193 78 138
40 96 124
158 71 188
265 45 314
152 81 188
318 67 317
154 64 286
135 66 289
290 51 315
225 81 100
245 63 280
193 72 259
133 46 317
0 76 104
259 99 21
257 68 89
168 82 5
214 69 43
32 104 123
282 63 44
24 46 243
170 80 71
67 55 285
25 86 138
239 77 228
187 67 51
208 52 79
219 54 132
200 80 252
232 54 134
158 72 179
68 61 149
270 71 9
2 79 108
7 72 65
48 43 185
300 62 309
249 79 206
103 38 292
62 85 226
56 53 172
125 98 136
279 64 287
172 58 295
140 95 173
201 80 273
250 67 256
134 71 222
267 83 184
87 83 222
248 58 51
157 65 311
51 63 265
29 42 222
304 67 268
168 70 135
256 81 124
13 46 263
241 37 153
172 73 48
277 86 213
179 71 319
178 74 235
190 61 100
209 58 125
239 78 213
36 61 75
116 48 309
308 64 256
208 53 81
151 89 149
173 62 33
4 95 134
33 48 194
284 74 88
259 83 119
28 69 61
241 60 264
192 68 52
183 68 90
89 59 38
269 53 53
295 69 35
262 81 205
226 71 248
264 90 15
25 74 100
270 85 219
206 52 172
182 83 146
229 54 136
244 102 9
261 81 188
185 57 21
246 77 42
229 82 89
294 74 232
298 63 20
63 47 164
33 104 123
315 89 99
178 70 87
190 48 33
138 52 245
181 66 15
258 60 172
276 62 160
181 66 263
19 97 120
160 70 175
150 90 152
71 57 59
27 71 11
179 69 178
216 66 233
63 52 156
106 64 256
12 65 35
127 87 53
296 82 218
134 97 197
197 69 143
93 61 14
246 45 311
228 53 54
62 81 114
112 92 6
12 73 68
171 70 168
108 40 290
176 69 259
243 40 150
130 96 19
198 36 196
29 104 125
257 89 32
308 62 306
73 94 245
42 60 297
4 75 4
199 60 45
304 60 252
110 90 112
12 77 88
284 71 252
281 79 238
65 65 144
77 62 151
115 82 231
35 75 94
27 51 248
257 47 144
295 87 183
3 82 116
11 68 180
102 96 206
295 92 116
285 64 263
234 56 278
205 66 56
124 96 192
10 62 46
271 81 99
140 94 57
223 38 198
63 54 184
229 84 98
145 64 296
239 102 25
198 66 162
130 55 259
34 49 229
141 89 127
8 57 204
207 82 255
164 83 142
307 100 111
247 37 154
113 71 88
47 40 190
300 107 201
292 69 38
91 50 308
127 79 30
25 72 61
259 62 174
218 59 306
217 74 255
150 87 172
296 53 11
211 57 20
39 58 45
289 71 35
49 82 130
31 54 245
183 44 213
263 68 175
183 79 153
210 41 153
176 67 253
254 79 196
146 54 234
200 77 282
233 84 94
234 83 95
136 66 225
53 80 97
277 79 170
45 70 138
183 68 293
144 59 314
319 103 191
131 90 58
69 53 284
244 101 15
79 68 26
199 78 276
217 67 89
173 79 74
184 68 51
129 90 95
256 53 64
72 86 235
1 60 37
221 81 25
288 72 168
8 89 134
207 54 23
114 92 223
115 92 223
9 88 135
283 87 218
182 73 301
110 87 2
7 71 13
128 80 88
132 66 288
228 59 272
152 68 198
150 83 42
158 56 294
151 83 8
160 82 2
91 51 311
265 80 243
111 94 218
151 81 87
151 73 275
195 65 90
315 68 232
249 67 187
27 67 66
233 75 121
75 50 279
190 79 305
211 37 188
102 92 201
90 84 228
34 66 316
121 69 237
57 49 155
13 80 163
8 77 84
178 71 6
305 84 178
294 64 258
210 81 259
290 103 192
233 76 226
202 51 174
133 64 236
113 40 300
55 48 159
117 99 202
231 72 81
161 48 217
308 89 212
40 52 277
71 60 152
113 95 132
200 55 3
243 62 287
120 56 258
134 81 38
102 86 233
69 70 318
232 69 124
112 58 258
198 68 110
148 84 70
107 66 35
89 52 52
48 65 299
243 81 106
130 79 68
88 70 84
214 81 271
52 70 301
34 62 35
267 82 215
203 51 76
74 95 246
55 82 98
221 41 212
9 55 226
101 62 35
229 72 248
244 61 133
195 77 310
158 82 91
131 68 292
209 84 246
306 60 54
244 39 318
160 92 154
57 87 250
65 92 248
103 74 172
136 56 311
141 88 125
292 60 281
172 52 204
141 87 88
42 67 9
315 66 301
175 60 107
265 71 176
58 51 48
65 60 275
175 51 195
308 62 307
216 38 184
100 96 225
277 55 54
107 34 296
282 63 283
229 49 309
79 64 73
88 68 104
167 68 174
262 69 263
172 71 274
66 73 211
45 70 312
230 44 149
272 41 314
64 65 70
287 74 26
258 75 247
269 82 212
154 87 145
195 68 157
160 69 244
257 83 216
288 70 165
97 66 101
185 76 129
155 56 297
65 71 84
204 27 209
37 63 170
41 69 3
131 71 78
164 72 250
192 75 270
221 64 300
182 62 18
274 49 308
6 83 120
59 52 182
158 77 19
218 54 131
94 68 2
138 82 26
277 87 209
242 60 293
224 61 257
234 53 307
178 83 144
136 80 209
263 68 255
158 56 229
27 78 155
146 66 293
224 40 196
199 80 245
48 63 60
191 75 281
131 89 23
130 97 152
116 95 145
201 36 192
309 104 187
160 89 147
221 70 5
154 80 4
108 98 140
310 84 133
152 88 140
6 73 67
28 58 189
16 80 163
128 97 186
11 50 266
279 79 242
153 73 273
101 94 227
301 61 52
127 83 48
303 62 310
254 82 123
30 61 73
270 88 226
294 107 202
114 52 318
190 46 195
111 74 161
70 55 43
218 74 252
316 70 165
207 55 25
42 61 19
42 65 167
236 63 254
111 66 66
69 61 64
2 94 150
288 59 16
39 44 188
231 48 59
